 # ID, name,  angle[rad],  betax[m],  betay[m], halfgap[m],  Material,  Length[m],  sigx[m],  sigy[m], tilt1[rad], tilt2[rad], nsig
        33, TCDQA.A4RD.B,    0.0000000000E+00,    0.2713544962E+04,    0.2716876892E+04,    0.1485230537E-01, C,      0.90000E+01,   0.13028E-02,   0.13036E-02,   0.00000E+00,   0.00000E+00,   0.11400E+02
         1, TCP.D6L2.B1 ,    0.1571000000E+01,    0.7956838122E+03,    0.3908078214E+03,    0.3559874083E-02, C,      0.60000E+00,   0.70549E-03,   0.49443E-03,   0.00000E+00,   0.00000E+00,   0.72000E+01
         2, TCP.C6L2.B1 ,    0.0000000000E+00,    0.7539365515E+03,    0.4132781701E+03,    0.4944477481E-02, C,      0.60000E+00,   0.68673E-03,   0.50844E-03,   0.00000E+00,   0.00000E+00,   0.72000E+01
         3, TCP.B6L2.B1 ,    0.2215000000E+01,    0.7135724115E+03,    0.4368743107E+03,    0.4171647356E-02, C,      0.60000E+00,   0.66810E-03,   0.52276E-03,   0.00000E+00,   0.00000E+00,   0.72000E+01
         4, TCSG.A6L2.B1,    0.2462660000E+01,    0.1970184399E+03,    0.1144151839E+04,    0.5794597141E-02, C,      0.10000E+01,   0.35105E-03,   0.84598E-03,   0.00000E+00,   0.00000E+00,   0.97000E+01
         5, TCSG.B5L2.B1,    0.2504550000E+01,    0.8121416035E+03,    0.8219278441E+03,    0.6928383828E-02, C,      0.10000E+01,   0.71275E-03,   0.71703E-03,   0.00000E+00,   0.00000E+00,   0.97000E+01
         6, TCSG.A5L2.B1,    0.7103500000E+00,    0.9430274933E+03,    0.7197729462E+03,    0.7065026288E-02, C,      0.10000E+01,   0.76804E-03,   0.67099E-03,   0.00000E+00,   0.00000E+00,   0.97000E+01
         7, TCSG.D4L2.B1,    0.1570800000E+01,    0.1671965396E+04,    0.3406669008E+03,    0.4477722874E-02, C,      0.10000E+01,   0.10227E-02,   0.46162E-03,   0.00000E+00,   0.00000E+00,   0.97000E+01
         8, TCSG.B4L2.B1,    0.0000000000E+00,    0.6927148496E+03,    0.6597513184E+03,    0.6385126277E-02, C,      0.10000E+01,   0.65826E-03,   0.64241E-03,   0.00000E+00,   0.00000E+00,   0.97000E+01
         9, TCSG.A4L2.B1,    0.2349210000E+01,    0.6376657936E+03,    0.7115559855E+03,    0.6303546584E-02, C,      0.10000E+01,   0.63156E-03,   0.66715E-03,   0.00000E+00,   0.00000E+00,   0.97000E+01
        10, TCSG.A4R2.B1,    0.8080900000E+00,    0.5860995235E+03,    0.7664862583E+03,    0.6328044735E-02, C,      0.10000E+01,   0.60549E-03,   0.69242E-03,   0.00000E+00,   0.00000E+00,   0.97000E+01
        11, TCSG.B5R2.B1,    0.2469640000E+01,    0.6192840353E+03,    0.1322261798E+04,    0.7244409995E-02, C,      0.10000E+01,   0.62239E-03,   0.90945E-03,   0.00000E+00,   0.00000E+00,   0.97000E+01
        12, TCSG.D5R2.B1,    0.8971000000E+00,    0.1083247680E+04,    0.7810833153E+03,    0.7272738624E-02, C,      0.10000E+01,   0.82316E-03,   0.69899E-03,   0.00000E+00,   0.00000E+00,   0.97000E+01
        13, TCSG.E5R2.B1,    0.2277650000E+01,    0.1221823089E+04,    0.6698888253E+03,    0.7288862988E-02, C,      0.10000E+01,   0.87423E-03,   0.64732E-03,   0.00000E+00,   0.00000E+00,   0.97000E+01
        14, TCSG.6R2.B1 ,    0.8730000000E-02,    0.1668202261E+04,    0.2368336016E+03,    0.9908374079E-02, C,      0.10000E+01,   0.10215E-02,   0.38489E-03,   0.00000E+00,   0.00000E+00,   0.97000E+01
        15, TCLA.A6R2.B1,    0.1571000000E+01,    0.1475411594E+04,    0.2414305568E+03,    0.4663348987E-02, W,      0.10000E+01,   0.96068E-03,   0.38861E-03,   0.00000E+00,   0.00000E+00,   0.12000E+02
        16, TCLA.B6R2.B1,    0.0000000000E+00,    0.7905288274E+03,    0.3851755719E+03,    0.8438409738E-02, W,      0.10000E+01,   0.70320E-03,   0.49085E-03,   0.00000E+00,   0.00000E+00,   0.12000E+02
        17, TCLA.C6R2.B1,    0.1571000000E+01,    0.3394355230E+03,    0.7653527051E+03,    0.8302952612E-02, W,      0.10000E+01,   0.46079E-03,   0.69191E-03,   0.00000E+00,   0.00000E+00,   0.12000E+02
        18, TCLA.D6R2.B1,    0.0000000000E+00,    0.3218016147E+03,    0.7956540651E+03,    0.5383886094E-02, W,      0.10000E+01,   0.44866E-03,   0.70548E-03,   0.00000E+00,   0.00000E+00,   0.12000E+02
        19, TCLA.A7R2.B1,    0.0000000000E+00,    0.3262826511E+03,    0.7242043192E+03,    0.5421241381E-02, W,      0.10000E+01,   0.45177E-03,   0.67306E-03,   0.00000E+00,   0.00000E+00,   0.12000E+02
        29, TCTH.4LG.H1 ,    0.0000000000E+00,    0.9744802229E+03,    0.1605179418E+04,    0.2342223192E-01, W,      0.10000E+01,   0.78074E-03,   0.10020E-02,   0.00000E+00,   0.00000E+00,   0.30000E+02
        30, TCTVA.4LG.H1,    0.1571000000E+01,    0.9819396425E+03,    0.1631920534E+04,    0.3031037169E-01, W,      0.10000E+01,   0.78372E-03,   0.10103E-02,   0.00000E+00,   0.00000E+00,   0.30000E+02
        20, TCP.6L3.B1  ,    0.0000000000E+00,    0.3514065596E+03,    0.3867841065E+03,    0.5157249289E-02, C,      0.60000E+00,   0.46884E-03,   0.49188E-03,   0.00000E+00,   0.00000E+00,   0.11000E+02
        21, TCSG.5L3.B1 ,    0.0000000000E+00,    0.1459767661E+03,    0.7981654888E+03,    0.3807438717E-02, C,      0.10000E+01,   0.30218E-03,   0.70659E-03,   0.00000E+00,   0.00000E+00,   0.12600E+02
        22, TCSG.4R3.B1 ,    0.0000000000E+00,    0.7000680607E+02,    0.1055713924E+04,    0.2636702826E-02, C,      0.10000E+01,   0.20926E-03,   0.81263E-03,   0.00000E+00,   0.00000E+00,   0.12600E+02
        23, TCSG.A5R3.B1,    0.2981020000E+01,    0.9581873078E+02,    0.9192505729E+03,    0.3406737582E-02, C,      0.10000E+01,   0.24482E-03,   0.75829E-03,   0.00000E+00,   0.00000E+00,   0.12600E+02
        24, TCSG.B5R3.B1,    0.1989675347E+00,    0.1216688208E+03,    0.8352861112E+03,    0.3853739978E-02, C,      0.10000E+01,   0.27587E-03,   0.72283E-03,   0.00000E+00,   0.00000E+00,   0.12600E+02
        25, TCLA.A5R3.B1,    0.1571000000E+01,    0.3809859985E+03,    0.4702377766E+03,    0.8677592386E-02, W,      0.10000E+01,   0.48817E-03,   0.54235E-03,   0.00000E+00,   0.00000E+00,   0.16000E+02
        26, TCLA.B5R3.B1,    0.0000000000E+00,    0.4052781283E+03,    0.4506692420E+03,    0.8055955778E-02, W,      0.10000E+01,   0.50350E-03,   0.53094E-03,   0.00000E+00,   0.00000E+00,   0.16000E+02
        27, TCLA.6R3.B1 ,    0.0000000000E+00,    0.3460951346E+03,    0.4510578956E+03,    0.7444546332E-02, W,      0.10000E+01,   0.46528E-03,   0.53117E-03,   0.00000E+00,   0.00000E+00,   0.16000E+02
        28, TCLA.7R3.B1 ,    0.0000000000E+00,    0.1800384986E+03,    0.2390074660E+03,    0.5369368139E-02, W,      0.10000E+01,   0.33559E-03,   0.38666E-03,   0.00000E+00,   0.00000E+00,   0.16000E+02
        31, TCTH.4LA.H1 ,    0.0000000000E+00,    0.9743389840E+03,    0.1605144109E+04,    0.2342053448E-01, W,      0.10000E+01,   0.78068E-03,   0.10020E-02,   0.00000E+00,   0.00000E+00,   0.30000E+02
        32, TCTVA.4LA.H1,    0.1571000000E+01,    0.9817953527E+03,    0.1631884802E+04,    0.3031003986E-01, W,      0.10000E+01,   0.78367E-03,   0.10103E-02,   0.00000E+00,   0.00000E+00,   0.30000E+02
