 # ID, name,  angle[rad],  betax[m],  betay[m], halfgap[m],  Material,  Length[m],  sigx[m],  sigy[m], tilt1[rad], tilt2[rad], nsig
        33, TCDQA.A4RD.B,    0.0000000000E+00,    0.2713234157E+04,    0.2716792418E+04,    0.3815407811E-02, C,      0.90000E+01,   0.33468E-03,   0.33490E-03,   0.00000E+00,   0.00000E+00,   0.11400E+02
         1, TCP.D6L2.B1 ,    0.1571000000E+01,    0.7956077899E+03,    0.3908146286E+03,    0.9145561758E-03, C,      0.60000E+00,   0.18123E-03,   0.12702E-03,   0.00000E+00,   0.00000E+00,   0.72000E+01
         2, TCP.C6L2.B1 ,    0.0000000000E+00,    0.7538657858E+03,    0.4132858932E+03,    0.1270199649E-02, C,      0.60000E+00,   0.17642E-03,   0.13062E-03,   0.00000E+00,   0.00000E+00,   0.72000E+01
         3, TCP.B6L2.B1 ,    0.2215000000E+01,    0.7135067502E+03,    0.4368829804E+03,    0.1071697498E-02, C,      0.60000E+00,   0.17163E-03,   0.13430E-03,   0.00000E+00,   0.00000E+00,   0.72000E+01
         4, TCSG.A6L2.B1,    0.2462660000E+01,    0.1970228424E+03,    0.1144185889E+04,    0.1488679956E-02, C,      0.10000E+01,   0.90188E-04,   0.21734E-03,   0.00000E+00,   0.00000E+00,   0.97000E+01
         5, TCSG.B5L2.B1,    0.2504550000E+01,    0.8121709060E+03,    0.8219532848E+03,    0.1779964516E-02, C,      0.10000E+01,   0.18311E-03,   0.18421E-03,   0.00000E+00,   0.00000E+00,   0.97000E+01
         6, TCSG.A5L2.B1,    0.7103500000E+00,    0.9430567796E+03,    0.7197950349E+03,    0.1815066180E-02, C,      0.10000E+01,   0.19732E-03,   0.17238E-03,   0.00000E+00,   0.00000E+00,   0.97000E+01
         7, TCSG.D4L2.B1,    0.1570800000E+01,    0.1671986291E+04,    0.3406754535E+03,    0.1150362275E-02, C,      0.10000E+01,   0.26273E-03,   0.11859E-03,   0.00000E+00,   0.00000E+00,   0.97000E+01
         8, TCSG.B4L2.B1,    0.0000000000E+00,    0.6926785910E+03,    0.6597337932E+03,    0.1640325710E-02, C,      0.10000E+01,   0.16911E-03,   0.16504E-03,   0.00000E+00,   0.00000E+00,   0.97000E+01
         9, TCSG.A4L2.B1,    0.2349210000E+01,    0.6376285511E+03,    0.7115364333E+03,    0.1619376529E-02, C,      0.10000E+01,   0.16225E-03,   0.17139E-03,   0.00000E+00,   0.00000E+00,   0.97000E+01
        10, TCSG.A4R2.B1,    0.8080900000E+00,    0.5860615714E+03,    0.7664646104E+03,    0.1625668967E-02, C,      0.10000E+01,   0.15555E-03,   0.17788E-03,   0.00000E+00,   0.00000E+00,   0.97000E+01
        11, TCSG.B5R2.B1,    0.2469640000E+01,    0.6193048088E+03,    0.1322221573E+04,    0.1861119636E-02, C,      0.10000E+01,   0.15990E-03,   0.23364E-03,   0.00000E+00,   0.00000E+00,   0.97000E+01
        12, TCSG.D5R2.B1,    0.8971000000E+00,    0.1083306479E+04,    0.7810607229E+03,    0.1868409828E-02, C,      0.10000E+01,   0.21148E-03,   0.17957E-03,   0.00000E+00,   0.00000E+00,   0.97000E+01
        13, TCSG.E5R2.B1,    0.2277650000E+01,    0.1221893674E+04,    0.6698699164E+03,    0.1872562345E-02, C,      0.10000E+01,   0.22460E-03,   0.16630E-03,   0.00000E+00,   0.00000E+00,   0.97000E+01
        14, TCSG.6R2.B1 ,    0.8730000000E-02,    0.1668331034E+04,    0.2368329792E+03,    0.2545605634E-02, C,      0.10000E+01,   0.26244E-03,   0.98881E-04,   0.00000E+00,   0.00000E+00,   0.97000E+01
        15, TCLA.A6R2.B1,    0.1571000000E+01,    0.1475531028E+04,    0.2414321469E+03,    0.1198039992E-02, W,      0.10000E+01,   0.24681E-03,   0.99837E-04,   0.00000E+00,   0.00000E+00,   0.12000E+02
        16, TCLA.B6R2.B1,    0.0000000000E+00,    0.7906084618E+03,    0.3851870809E+03,    0.2167975902E-02, W,      0.10000E+01,   0.18066E-03,   0.12610E-03,   0.00000E+00,   0.00000E+00,   0.12000E+02
        17, TCLA.C6R2.B1,    0.1571000000E+01,    0.3394740986E+03,    0.7653753608E+03,    0.2133098719E-02, W,      0.10000E+01,   0.11838E-03,   0.17776E-03,   0.00000E+00,   0.00000E+00,   0.12000E+02
        18, TCLA.D6R2.B1,    0.0000000000E+00,    0.3218377825E+03,    0.7956774061E+03,    0.1383223106E-02, W,      0.10000E+01,   0.11527E-03,   0.18124E-03,   0.00000E+00,   0.00000E+00,   0.12000E+02
        19, TCLA.A7R2.B1,    0.0000000000E+00,    0.3263083916E+03,    0.7242234465E+03,    0.1392797064E-02, W,      0.10000E+01,   0.11607E-03,   0.17291E-03,   0.00000E+00,   0.00000E+00,   0.12000E+02
        29, TCTH.4LG.H1 ,    0.0000000000E+00,    0.1469918445E+05,    0.2438123800E+05,    0.1067234024E-01, W,      0.10000E+01,   0.77900E-03,   0.10033E-02,   0.00000E+00,   0.00000E+00,   0.13700E+02
        30, TCTVA.4LG.H1,    0.1571000000E+01,    0.1482053991E+05,    0.2479419647E+05,    0.1386079237E-01, W,      0.10000E+01,   0.78221E-03,   0.10117E-02,   0.00000E+00,   0.00000E+00,   0.13700E+02
        20, TCP.6L3.B1  ,    0.0000000000E+00,    0.3514087311E+03,    0.3867525182E+03,    0.2577582191E-02, C,      0.60000E+00,   0.12045E-03,   0.12636E-03,   0.00000E+00,   0.00000E+00,   0.21400E+02
        21, TCSG.5L3.B1 ,    0.0000000000E+00,    0.1459817949E+03,    0.7980886398E+03,    0.1956331130E-02, C,      0.10000E+01,   0.77632E-04,   0.18152E-03,   0.00000E+00,   0.00000E+00,   0.25200E+02
        22, TCSG.4R3.B1 ,    0.0000000000E+00,    0.7000456632E+02,    0.1055742354E+04,    0.1354740770E-02, C,      0.10000E+01,   0.53760E-04,   0.20877E-03,   0.00000E+00,   0.00000E+00,   0.25200E+02
        23, TCSG.A5R3.B1,    0.2981020000E+01,    0.9581825868E+02,    0.9192807690E+03,    0.1750415799E-02, C,      0.10000E+01,   0.62895E-04,   0.19481E-03,   0.00000E+00,   0.00000E+00,   0.25200E+02
        24, TCSG.B5R3.B1,    0.1989675347E+00,    0.1216696684E+03,    0.8353163842E+03,    0.1980100674E-02, C,      0.10000E+01,   0.70873E-04,   0.18570E-03,   0.00000E+00,   0.00000E+00,   0.25200E+02
        25, TCLA.A5R3.B1,    0.1571000000E+01,    0.3809987546E+03,    0.4702657549E+03,    0.3859614415E-02, W,      0.10000E+01,   0.12542E-03,   0.13934E-03,   0.00000E+00,   0.00000E+00,   0.27700E+02
        26, TCLA.B5R3.B1,    0.0000000000E+00,    0.4052919592E+03,    0.4506969114E+03,    0.3583077800E-02, W,      0.10000E+01,   0.12935E-03,   0.13641E-03,   0.00000E+00,   0.00000E+00,   0.27700E+02
        27, TCLA.6R3.B1 ,    0.0000000000E+00,    0.3461093533E+03,    0.4510874635E+03,    0.3311150434E-02, W,      0.10000E+01,   0.11954E-03,   0.13647E-03,   0.00000E+00,   0.00000E+00,   0.27700E+02
        28, TCLA.7R3.B1 ,    0.0000000000E+00,    0.1800311307E+03,    0.2390036781E+03,    0.2388064480E-02, W,      0.10000E+01,   0.86212E-04,   0.99333E-04,   0.00000E+00,   0.00000E+00,   0.27700E+02
        31, TCTH.4LA.H1 ,    0.0000000000E+00,    0.1469648914E+05,    0.2438140214E+05,    0.1067136173E-01, W,      0.10000E+01,   0.77893E-03,   0.10033E-02,   0.00000E+00,   0.00000E+00,   0.13700E+02
        32, TCTVA.4LA.H1,    0.1571000000E+01,    0.1481782117E+05,    0.2479436324E+05,    0.1386083898E-01, W,      0.10000E+01,   0.78214E-03,   0.10117E-02,   0.00000E+00,   0.00000E+00,   0.13700E+02
